Density profile based on an MSIS profile.
This profile is just meant as an example for the conceptual model.
It has no further scientific meaning.
The molekular density is given in 1/cm^3 and the altitude in km.

idx;altitude;density
0;0.0;2.57587e+19
1;0.2;2.51944e+19
2;0.4;2.46432e+19
3;0.6;2.41062e+19
4;0.8;2.35934e+19
5;1.0;2.30947e+19
6;1.2;2.26082e+19
7;1.4;2.21358e+19
8;1.6;2.16856e+19
9;1.8;2.12384e+19
10;2.0;2.08044e+19
11;2.2;2.03825e+19
12;2.4;1.99726e+19
13;2.6;1.95749e+19
14;2.8;1.91792e+19
15;3.0;1.87946e+19
16;3.2;1.84231e+19
17;3.4;1.8052699999999998e+19
18;3.6;1.76933e+19
19;3.8;1.7346e+19
20;4.0;1.70008e+19
21;4.2;1.66556e+19
22;4.4;1.63225e+19
23;4.6;1.59904e+19
24;4.8;1.56694e+19
25;5.0;1.53494e+19
26;5.2;1.50304e+19
27;5.4;1.47225e+19
28;5.6;1.44157e+19
29;5.8;1.41089e+19
30;6.0;1.38141e+19
31;6.2;1.35193e+19
32;6.4;1.32256e+19
33;6.6;1.29429e+19
34;6.8;1.26613e+19
35;7.0;1.23827e+19
36;7.2;1.21071e+19
37;7.4;1.18346e+19
38;7.6;1.15661e+19
39;7.8;1.13006e+19
40;8.0;1.10381e+19
41;8.2;1.07807e+19
42;8.4;1.052534e+19
43;8.6;1.027399e+19
44;8.8;1.002567e+19
45;9.0;9.78138e+18
46;9.2;9.53913e+18
47;9.4;9.3009e+18
48;9.6;9.06671e+18
49;9.8;8.83655e+18
50;10.0;8.60843e+18
51;10.2;8.38433e+18
52;10.4;8.16428e+18
53;10.6;7.94625e+18
54;10.8;7.73426e+18
55;11.0;7.52531e+18
56;11.2;7.32039e+18
57;11.4;7.11951e+18
58;11.6;6.92167e+18
59;11.8;6.72887e+18
60;12.0;6.5391e+18
61;12.2;6.35538e+18
62;12.4;6.17469e+18
63;12.6;5.99804e+18
64;12.8;5.82543e+18
65;13.0;5.65585e+18
66;13.2;5.49231e+18
67;13.4;5.33182e+18
68;13.6;5.17435e+18
69;13.8;5.02193e+18
70;14.0;4.87354e+18
71;14.2;4.72919e+18
72;14.4;4.58827e+18
73;14.6;4.45118e+18
74;14.8;4.31694e+18
75;15.0;4.18752e+18
76;15.2;4.06084e+18
77;15.4;3.93789e+18
78;15.6;3.81777e+18
79;15.8;3.70229e+18
80;16.0;3.58863e+18
81;16.2;3.47961e+18
82;16.4;3.37331e+18
83;16.6;3.26965e+18
84;16.8;3.16871e+18
85;17.0;3.0713e+18
86;17.2;2.97661e+18
87;17.4;2.88556e+18
88;17.6;2.79613e+18
89;17.8;2.71022e+18
90;18.0;2.62584e+18
91;18.2;2.54508e+18
92;18.4;2.46684e+18
93;18.6;2.39023e+18
94;18.8;2.31604e+18
95;19.0;2.24437e+18
96;19.2;2.1751200000000003e+18
97;19.4;2.1084e+18
98;19.6;2.04319e+18
99;19.8;1.9793000000000003e+18
100;20.0;1.91893e+18
101;20.2;1.85897e+18
102;20.4;1.80244e+18
103;20.6;1.74632e+18
104;20.8;1.69252e+18
105;21.0;1.64113e+18
106;21.2;1.59006e+18
107;21.4;1.5414e+18
108;21.6;1.49396e+18
109;21.8;1.44793e+18
110;22.0;1.40321e+18
111;22.2;1.36081e+18
112;22.4;1.31872e+18
113;22.6;1.27844e+18
114;22.8;1.23928e+18
115;23.0;1.20132e+18
116;23.2;1.16458e+18
117;23.4;1.12895e+18
118;23.6;1.09443e+18
119;23.8;1.061013e+18
120;24.0;1.02851e+18
121;24.2;9.97217e+17
122;24.4;9.66733e+17
123;24.6;9.37257e+17
124;24.8;9.0869e+17
125;25.0;8.81031e+17
126;25.2;8.54181e+17
127;25.4;8.28138e+17
128;25.6;8.03002e+17
129;25.8;7.78474e+17
130;26.0;7.54853e+17
131;26.2;7.31938e+17
132;26.4;7.09631e+17
133;26.6;6.88129e+17
134;26.8;6.67234e+17
135;27.0;6.47045e+17
136;27.2;6.27362e+17
137;27.4;6.08384e+17
138;27.6;5.89912e+17
139;27.8;5.7204500000000006e+17
140;28.0;5.5468300000000006e+17
141;28.2;5.37926e+17
142;28.4;5.21674e+17
143;28.6;5.05927e+17
144;28.8;4.90584e+17
145;29.0;4.75745e+17
146;29.2;4.61401e+17
147;29.4;4.47451e+17
148;29.6;4.34005e+17
149;29.8;4.2093299999999994e+17
150;30.0;4.08264e+17
151;30.2;3.95969e+17
152;30.4;3.84058e+17
153;30.6;3.7243e+17
154;30.8;3.61275e+17
155;31.0;3.50404e+17
156;31.2;3.39896e+17
157;31.4;3.2966e+17
158;31.6;3.19798e+17
159;31.8;3.10198e+17
160;32.0;3.00861e+17
161;32.2;2.91887e+17
162;32.4;2.83176e+17
163;32.6;2.74726e+17
164;32.8;2.6653e+17
165;33.0;2.58596e+17
166;33.2;2.50924e+17
167;33.4;2.43505e+17
168;33.6;2.36328e+17
169;33.8;2.29413e+17
170;34.0;2.22641e+17
171;34.2;2.1622e+17
172;34.4;2.09951e+17
173;34.6;2.03815e+17
174;34.8;1.9793e+17
175;35.0;1.92286e+17
176;35.2;1.86775e+17
177;35.4;1.81405e+17
178;35.6;1.76277e+17
179;35.8;1.7118e+17
180;36.0;1.66414e+17
181;36.2;1.61691e+17
182;36.4;1.57088e+17
183;36.6;1.52727e+17
184;36.8;1.48387e+17
185;37.0;1.44278e+17
186;37.2;1.40301e+17
187;37.4;1.36354e+17
188;37.6;1.32629e+17
189;37.8;1.28925e+17
190;38.0;1.25402e+17
191;38.2;1.2197e+17
192;38.4;1.18628e+17
193;38.6;1.15398e+17
194;38.8;1.12249e+17
195;39.0;1.0922e+17
196;39.2;1.062628e+17
197;39.4;1.03396e+17
198;39.6;1.006101e+17
199;39.8;9.791490000000002e+16
200;40.0;9.53004e+16
201;40.2;9.27567e+16
202;40.4;9.02936e+16
203;40.6;8.79012e+16
204;40.8;8.55695e+16
205;41.0;8.33184e+16
206;41.2;8.11179e+16
207;41.4;7.8988e+16
208;41.6;7.69187e+16
209;41.8;7.49099e+16
210;42.0;7.29617e+16
211;42.2;7.1064e+16
212;42.4;6.92167e+16
213;42.6;6.743e+16
214;42.8;6.56938e+16
215;43.0;6.3998e+16
216;43.2;6.23626e+16
217;43.4;6.07577e+16
218;43.6;5.920319999999999e+16
219;43.8;5.7699e+16
220;44.0;5.62253e+16
221;44.2;5.4792e+16
222;44.4;5.3409e+16
223;44.6;5.20564e+16
224;44.8;5.07441e+16
225;45.0;4.94722e+16
226;45.2;4.82306e+16
227;45.4;4.70113e+16
228;45.6;4.58443e+16
229;45.8;4.46936e+16
230;46.0;4.35792e+16
231;46.2;4.24921e+16
232;46.4;4.14412e+16
233;46.6;4.04166e+16
234;46.8;3.94183e+16
235;47.0;3.84452e+16
236;47.2;3.74984e+16
237;47.4;3.65767e+16
238;47.6;3.56804e+16
239;47.8;3.48092e+16
240;48.0;3.39523e+16
241;48.2;3.31315e+16
242;48.4;3.2325e+16
243;48.6;3.15327e+16
244;48.8;3.07755e+16
245;49.0;3.00226e+16
246;49.2;2.93038e+16
247;49.4;2.85992e+16
248;49.6;2.79087e+16
249;49.8;2.72315e+16
250;50.0;2.65784e+16
251;50.2;2.59494e+16
252;50.4;2.53236e+16
253;50.6;2.4721e+16
254;50.8;2.41325e+16
255;51.0;2.35571e+16
256;51.2;2.29939e+16
257;51.4;2.24548e+16
258;51.6;2.19178e+16
259;51.8;2.1405e+16
260;52.0;2.08942e+16
261;52.2;2.04066e+16
262;52.4;1.99211e+16
263;52.6;1.94588e+16
264;52.8;1.89985e+16
265;53.0;1.85503e+16
266;53.2;1.81153e+16
267;53.4;1.76923e+16
268;53.6;1.72814e+16
269;53.8;1.68737e+16
270;54.0;1.6477e+16
271;54.2;1.60934e+16
272;54.4;1.57209e+16
273;54.6;1.53505e+16
274;54.8;1.49921e+16
275;55.0;1.46459e+16
276;55.2;1.43117e+16
277;55.4;1.39786e+16
278;55.6;1.36475e+16
279;55.8;1.33286e+16
280;56.0;1.30207e+16
281;56.2;1.27209e+16
282;56.4;1.24251e+16
283;56.6;1.21364e+16
284;56.8;1.18548e+16
285;57.0;1.15782e+16
286;57.2;1.13097e+16
287;57.4;1.10462e+16
288;57.6;1.07888e+16
289;57.8;1.053745e+16
290;58.0;1.029115e+16
291;58.2;1.005091e+16
292;58.4;9815710000000000.0
293;58.6;9585560000000000.0
294;58.8;9360460000000000.0
295;59.0;9140400000000000.0
296;59.2;8925390000000000.0
297;59.4;8714430000000000.0
298;59.6;8508500000000000.0
299;59.8;8307620000000000.0
300;60.0;8110780000000000.0
301;60.2;7917980000000000.0
302;60.4;7729220000000000.0
303;60.6;7544490000000000.0
304;60.8;7363800000000000.0
305;61.0;7187150000000000.0
306;61.2;7014540000000000.0
307;61.4;6844960000000000.0
308;61.6;6680410000000000.0
309;61.8;6517900000000000.0
310;62.0;6360420000000000.0
311;62.2;6203970000000000.0
312;62.4;6052550000000000.0
313;62.6;5904170000000000.0
314;62.8;5759810000000000.0
315;63.0;5617480000000000.0
316;63.2;5478180000000000.0
317;63.4;5341910000000000.0
318;63.6;5208660000000000.0
319;63.8;5078440000000000.0
320;64.0;4951250000000000.0
321;64.2;4827090000000000.0
322;64.4;4705350000000000.0
323;64.6;4585230000000000.0
324;64.8;4468640000000000.0
325;65.0;4354580000000000.0
326;65.2;4243130000000000.0
327;65.4;4134210000000000.0
328;65.6;4027810000000000.0
329;65.8;3922940000000000.0
330;66.0;3820590000000000.0
331;66.2;3721750000000000.0
332;66.4;3623440000000000.0
333;66.6;3528550000000000.0
334;66.8;3435079999999999.5
335;67.0;3344130000000000.0
336;67.2;3255600000000000.0
337;67.4;3168580000000000.0
338;67.6;3082990000000000.0
339;67.8;2999810000000000.0
340;68.0;2918950000000000.0
341;68.2;2839610000000000.0
342;68.4;2762690000000000.0
343;68.6;2686080000000000.0
344;68.8;2612990000000000.0
345;69.0;2540120000000000.5
346;69.2;2469760000000000.0
347;69.4;2401720000000000.5
348;69.6;2333990000000000.0
349;69.8;2268680000000000.0
350;70.0;2204680000000000.0
351;70.2;2143000000000000.0
352;70.4;2081730000000000.0
353;70.6;2022680000000000.0
354;70.8;1964030000000000.0
355;71.0;1907710000000000.0
356;71.2;1852590000000000.0
357;71.4;1798890000000000.0
358;71.6;1746400000000000.0
359;71.8;1695219999999999.8
360;72.0;1646360000000000.0
361;72.2;1597810000000000.0
362;72.4;1550470000000000.0
363;72.6;1505540004332000.0
364;72.8;1460830005247000.0
365;73.0;1417320006354000.0
366;73.2;1375130007690000.0
367;73.4;1334250009302000.0
368;73.6;1295580011240000.0
369;73.8;1256920013580000.0
370;74.0;1219680016400000.0
371;74.2;1183540019780000.0
372;74.4;1148310023830000.0
373;74.6;1114290028680000.0
374;74.8;1080980034490000.0
375;75.0;1048780041430000.0
376;75.2;1017386049700000.0
377;75.4;986801059540000.0
378;75.6;957023071240000.0
379;75.8;928052085130000.0
380;76.0;899789101600000.0
381;76.2;872432121000000.0
382;76.4;845682143900000.0
383;76.6;819539170900000.0
384;76.8;794202202600000.0
385;77.0;769571239800000.0
386;77.2;745546283200000.0
387;77.4;722127334000000.0
388;77.6;699214393100000.0
389;77.8;677106461700000.0
390;78.0;655404541300000.0
391;78.2;634307633400000.0
392;78.4;613815739600000.0
393;78.6;593828861800000.0
394;78.8;574348002000000.0
395;79.0;555470163000000.0
396;79.2;536998346000000.0
397;79.4;519131555000000.0
398;79.6;501567793000000.0
399;79.8;484610062000000.0
400;80.0;468145366000000.0
401;80.2;452035708000000.0
402;80.4;436420094000000.0
403;80.6;421298525000000.0
404;80.8;406482008000000.06
405;81.0;392148546000000.0
406;81.2;378309145000000.0
407;81.4;364752807999999.94
408;81.6;351691542000000.0
409;81.8;338913350000000.0
410;82.0;326619239000000.0
411;82.2;314608214000000.0
412;82.4;303070279999999.94
413;82.6;291816440000000.0
414;82.8;280835699999999.97
415;83.0;270328070000000.0
416;83.2;260094550000000.0
417;83.4;250243150000000.0
418;83.6;240655859999999.97
419;83.8;231330700000000.03
420;84.0;222378659999999.97
421;84.2;213689760000000.0
422;84.4;205363980000000.03
423;84.6;197200339999999.97
424;84.8;189399830000000.0
425;85.0;181851450000000.0
426;85.2;174576210000000.0
427;85.4;167544099999999.97
428;85.6;160773130000000.0
429;85.8;154245280000000.0
430;86.0;147979550000000.0
431;86.2;141855940000000.0
432;86.4;135995449999999.98
433;86.6;130366060000000.0
434;86.8;124948769999999.98
435;87.0;119734580000000.0
436;87.2;114701470000000.02
437;87.4;109869440000000.0
438;87.6;105220470000000.02
439;87.8;100752750000000.02
440;88.0;96456780000000.0
441;88.2;92322440000000.0
442;88.4;88359620000000.0
443;88.6;84558300000000.0
444;88.8;80898400000000.0
445;89.0;77399800000000.0
446;89.2;74032500000000.0
447;89.4;70796500000000.0
448;89.6;67701800000000.0
449;89.8;64738100000000.0
450;90.0;61885500000000.0
451;90.2;59153900000000.0
452;90.4;56533300000000.0
453;90.6;54043600000000.0
454;90.8;51644900000000.0
455;91.0;49351000000000.0
456;91.2;47162900000000.0
457;91.4;45066600000000.0
458;91.6;43070000000000.0
459;91.8;41152100000000.0
460;92.0;39323900000000.0
461;92.2;37583300000000.0
462;92.4;35919300000000.0
463;92.6;34332900000000.0
464;92.8;32821000000000.0
465;93.0;31375600000000.0
466;93.2;29993600000000.0
467;93.4;28685200000000.0
468;93.6;27431100000000.0
469;93.8;26238500000000.0
470;94.0;25098200000000.0
471;94.2;24009300000000.0
472;94.4;22981700000000.0
473;94.6;21994400000000.0
474;94.8;21056400000000.0
475;95.0;20158800000000.0
476;95.2;19309400000000.0
477;95.4;18499300000000.0
478;95.6;17727300000000.0
479;95.8;16992700000000.0
480;96.0;16296200000000.0
481;96.2;15626000000000.0
482;96.4;14992900000000.0
483;96.6;14386100000000.0
484;96.8;13805400000000.0
485;97.0;13260000000000.0
486;97.2;12730700000000.0
487;97.4;12233500000000.0
488;97.6;11758460000000.0
489;97.8;11306630000000.0
490;98.0;10874990000000.0
491;98.2;10464450000000.0
492;98.4;10073980000000.0
493;98.6;9701680000000.0
494;98.8;9347550000000.0
495;99.0;9009570000000.0
496;99.2;8687740000000.0
497;99.4;8381950000000.0
498;99.6;8088290000000.0
499;99.8;7810850000000.0
500;100.0;7545440000000.0
501;100.2;7293140000000.0
502;100.4;7052940000000.0
503;100.6;6822950000000.0
504;100.8;6603950000000.0
505;101.0;6394030000000.0
506;101.2;6193300000000.0
507;101.4;6001550000000.0
508;101.6;5817870000000.0
509;101.8;5641560000000.0
510;102.0;5472310000000.0
511;102.2;5310630000000.0
512;102.4;5154200000000.0
513;102.6;5003920000000.0
514;102.8;4859900000000.0
515;103.0;4720820000000.0
516;103.2;4586990000000.0
517;103.4;4457100000000.0
518;103.6;4332160000000.0
519;103.8;4211950000000.0
520;104.0;4094680000000.0
521;104.2;3982240000000.0
522;104.4;3873430000000.0
523;104.6;3767460000000.0
524;104.8;3665020000000.0
525;105.0;3565400000000.0
526;105.2;3468210000000.0
527;105.4;3374750000000.0
528;105.6;3283710000000.0
529;105.8;3195300000000.0
530;106.0;3109310000000.0
531;106.2;3025940000000.0
532;106.4;2943990000000.0
533;106.6;2864360000000.0
534;106.8;2787350000000.0
535;107.0;2711550000000.0
536;107.2;2638280000000.0
537;107.4;2566320000000.0
538;107.6;2496880000000.0
539;107.8;2428660000000.0
540;108.0;2361850000000.0
541;108.2;2297350000000.0
542;108.4;2233180000000.0
543;108.6;2171210000000.0
544;108.8;2110660000000.0
545;109.0;2051420000000.0
546;109.2;1994490000000.0
547;109.4;1937780000000.0
548;109.6;1882280000000.0
549;109.8;1828190000000.0
550;110.0;1776213000000.0
551;110.2;1724547000000.0
552;110.4;1674292000000.0
553;110.6;1625049000000.0
554;110.8;1577196000000.0
555;111.0;1530484000000.0
556;111.2;1485172000000.0
557;111.4;1440981000000.0
558;111.6;1398110000000.0
559;111.8;1355450000000.0
560;112.0;1315009000000.0
561;112.2;1274787000000.0
562;112.4;1236685000000.0
563;112.6;1199092000000.0
564;112.8;1162738000000.0
565;113.0;1127293000000.0
566;113.2;1092976000000.0
567;113.4;1059578000000.0
568;113.6;1027207000000.0
569;113.8;995864000000.0
570;114.0;965438000000.0
571;114.2;935950000000.0
572;114.4;907378000000.0
573;114.6;879633000000.0
574;114.8;852805000000.0
575;115.0;826813000000.0
576;115.2;801638000000.0
577;115.4;777218000000.0
578;115.6;753573000000.0
579;115.8;730775000000.0
580;116.0;708621000000.0
581;116.2;687223000000.0
582;116.4;666569000000.0
583;116.6;646440000000.0
584;116.8;627065000000.0
585;117.0;608405000000.0
586;117.2;590279000000.0
587;117.4;572678000000.0
588;117.6;555789000000.0
589;117.8;539425000000.0
590;118.0;523554000000.0
591;118.2;508307000000.0
592;118.4;493463000000.0
593;118.6;479222000000.0
594;118.8;465383000000.0
595;119.0;452028000000.0
596;119.2;439176000000.0
597;119.4;426806000000.0
598;119.6;414739000000.0
599;119.8;403244000000.0
600;120.0;392042000000.0
601;120.2;381202000000.0
602;120.4;370864000000.0
603;120.6;360778000000.0
604;120.8;351084000000.0
605;121.0;341742000000.0
606;121.2;332772000000.0
607;121.4;324083000000.0
608;121.6;315747000000.0
609;121.8;307682000000.0
610;122.0;299867900000.0
611;122.2;292425700000.0
612;122.4;285235000000.0
613;122.6;278295600000.0
614;122.8;271617500000.0
615;123.0;265190700000.0
616;123.2;259015100000.0
617;123.4;253180600000.0
618;123.6;248791700000.0
619;123.8;243269500000.0
620;124.0;238088000000.0
621;124.2;232927300000.0
622;124.4;228007400000.0
623;124.6;223218300000.0
624;124.8;218539800000.0
625;125.0;214011900000.0
626;125.2;209604700000.0
627;125.4;205428100000.0
628;125.6;201262100000.0
629;125.8;197226700000.0
630;126.0;193321700000.0
631;126.2;189537300000.0
632;126.4;185873400000.0
633;126.6;182229900000.0
634;126.8;178806800000.0
635;127.0;175394200000.0
636;127.2;172012000000.0
637;127.4;168850200000.0
638;127.6;165688800000.0
639;127.8;162657700000.0
640;128.0;159637000000.0
641;128.2;156736700000.0
642;128.4;153946600000.0
643;128.6;151176900000.0
644;128.8;148517400000.0
645;129.0;145868300000.0
646;129.2;143339400000.0
647;129.4;140830800000.0
648;129.6;138412400000.0
649;129.8;136034300000.0
650;130.0;133636400000.0
651;130.2;131368800000.0
652;130.4;129201300000.0
653;130.6;127044100000.0
654;130.8;124932100000.0
655;131.0;122866300000.0
656;131.2;120855700000.0
657;131.4;118881300000.0
658;131.6;116952000000.0
659;131.8;115068000000.0
660;132.0;113229100000.0
661;132.2;111435300000.0
662;132.4;109666700000.0
663;132.6;107942300000.0
664;132.8;106252000000.0
665;133.0;104606800000.0
666;133.2;102995800000.0
667;133.4;101408900000.0
668;133.6;99856200000.0
669;133.8;98336500000.0
670;134.0;96861000000.0
671;134.2;95409600000.0
672;134.4;93981300000.0
673;134.6;92576200000.0
674;134.8;91205100000.0
675;135.0;89867100000.0
676;135.2;88551200000.0
677;135.4;87259500000.0
678;135.6;85999800000.0
679;135.8;84773200000.0
680;136.0;83549700000.0
681;136.2;82348300000.0
682;136.4;81190000000.0
683;136.6;80044700000.0
684;136.8;78920500000.0
685;137.0;77809400000.0
686;137.2;76731400000.0
687;137.4;75664400000.0
688;137.6;74630600000.0
689;137.8;73597700000.0
690;138.0;72588000000.0
691;138.2;71610300000.0
692;138.4;70633700000.0
693;138.6;69689100000.0
694;138.8;68747600000.0
695;139.0;67836200000.0
696;139.2;66927800000.0
697;139.4;66040400000.0
698;139.6;65165100000.0
699;139.8;64320900000.0
700;140.0;63468700000.0
701;140.2;62648600000.0
702;140.4;61829500000.0
703;140.6;61031400000.0
704;140.8;60244400000.0
705;141.0;59479500000.0
706;141.2;58716600000.0
707;141.4;57973700000.0
708;141.6;57232870000.0
709;141.8;56523080000.0
710;142.0;55804320000.0
711;142.2;55106600000.0
712;142.4;54420920000.0
713;142.6;53745280000.0
714;142.8;53071660000.0
715;143.0;52418090000.0
716;143.2;51776540000.0
717;143.4;51148030000.0
718;143.6;50524550000.0
719;143.8;49901100000.0
720;144.0;49301670000.0
721;144.2;48703280000.0
722;144.4;48116920000.0
723;144.6;47541580000.0
724;144.8;46979270000.0
725;145.0;46417990000.0
726;145.2;45868730000.0
727;145.4;45321500000.0
728;145.6;44785290000.0
729;145.8;44260110000.0
730;146.0;43747950000.0
731;146.2;43236810000.0
732;146.4;42727700000.0
733;146.6;42228600000.0
734;146.8;41741530000.0
735;147.0;41266480000.0
736;147.2;40792450000.0
737;147.4;40320440000.0
738;147.6;39859450000.0
739;147.8;39409480000.0
740;148.0;38961520000.0
741;148.2;38514590000.0
742;148.4;38088670000.0
743;148.6;37653770000.0
744;148.8;37230890000.0
745;149.0;36818020000.0
746;149.2;36407170000.0
747;149.4;35998340000.0
748;149.6;35599520000.0
749;149.8;35211720000.0
750;150.0;34814930000.0
751;150.2;34440150000.0
752;150.4;34055390000.0
753;150.6;33682650000.0
754;150.8;33319920000.0
755;151.0;32958200000.0
756;151.2;32598490000.0
757;151.4;32239800000.0
758;151.6;31891120000.0
759;151.8;31553450000.0
760;152.0;31206800000.0
761;152.2;30881160000.0
762;152.4;30547520000.0
763;152.6;30223900000.0
764;152.8;29900290000.0
765;153.0;29578690000.0
766;153.2;29267110000.0
767;153.4;28956530000.0
768;153.6;28657960000.0
769;153.8;28359400000.0
770;154.0;28060860000.0
771;154.2;27764320000.0
772;154.4;27477790000.0
773;154.6;27192270000.0
774;154.8;26906760000.0
775;155.0;26623260000.0
776;155.2;26349770000.0
777;155.4;26076280000.0
778;155.6;25814810000.0
779;155.8;25543340000.0
780;156.0;25282880000.0
781;156.2;25022430000.0
782;156.4;24773980000.0
783;156.6;24514550000.0
784;156.8;24266120000.0
785;157.0;24019700000.0
786;157.2;23782280000.0
787;157.4;23535880000.0
788;157.6;23300480000.0
789;157.8;23065080000.0
790;158.0;22830700000.0
791;158.2;22607320000.0
792;158.4;22382940000.0
793;158.6;22160570000.0
794;158.8;21938210000.0
795;159.0;21716860000.0
796;159.2;21505510000.0
797;159.4;21295160000.0
798;159.6;21084820000.0
799;159.8;20875490000.0
800;160.0;20666160000.0
801;160.2;20467840000.0
802;160.4;20259530000.0
803;160.6;20061210000.0
804;160.8;19864910000.0
805;161.0;19677510000.0
806;161.2;19481510000.0
807;161.4;19295620000.0
808;161.6;19109830000.0
809;161.8;18925350000.0
810;162.0;18740870000.0
811;162.2;18556600000.0
812;162.4;18383530000.0
813;162.6;18200570000.0
814;162.8;18027710000.0
815;163.0;17855050000.0
816;163.2;17682500000.0
817;163.4;17521150000.0
818;163.6;17349910000.0
819;163.8;17189770000.0
820;164.0;17018730000.0
821;164.2;16858900000.0
822;164.4;16699170000.0
823;164.6;16540550000.0
824;164.8;16391020000.0
825;165.0;16232710000.0
826;165.2;16084390000.0
827;165.4;15927280000.0
828;165.6;15779270000.0
829;165.8;15632370000.0
830;166.0;15485570000.0
831;166.2;15338970000.0
832;166.4;15202380000.0
833;166.6;15056880000.0
834;166.8;14918590000.0
835;167.0;14780310000.0
836;167.2;14643230000.0
837;167.4;14508140000.0
838;167.6;14374170000.0
839;167.8;14241390000.0
840;168.0;14110620000.0
841;168.2;13980950000.0
842;168.4;13852380000.0
843;168.6;13725920000.0
844;168.8;13600560000.0
845;169.0;13476300000.0
846;169.2;13353040000.0
847;169.4;13231990000.0
848;169.6;13111940000.0
849;169.8;12992090000.0
850;170.0;12874140000.0
851;170.2;12758395000.0
852;170.4;12642752000.0
853;170.6;12529111000.0
854;170.8;12414573000.0
855;171.0;12303136000.0
856;171.2;12192802000.0
857;171.4;12083469000.0
858;171.6;11975339000.0
859;171.8;11868111000.0
860;172.0;11761084000.0
861;172.2;11656060000.0
862;172.4;11552137000.0
863;172.6;11450316000.0
864;172.8;11347497000.0
865;173.0;11246780000.0
866;173.2;11147165000.0
867;173.4;11047551000.0
868;173.6;10950039000.0
869;173.8;10853628000.0
870;174.0;10758220000.0
871;174.2;10662913000.0
872;174.4;10569607000.0
873;174.6;10475403000.0
874;174.8;10383301000.0
875;175.0;10292200000.0
876;175.2;10203201000.0
877;175.4;10113203000.0
878;175.6;10024306000.0
879;175.8;9937411000.0
880;176.0;9850618000.0
881;176.2;9764926000.0
882;176.4;9680235000.0
883;176.6;9595645000.0
884;176.8;9512057000.0
885;177.0;9429470000.0
886;177.2;9347985000.0
887;177.4;9267600000.0
888;177.6;9187217000.0
889;177.8;9107935000.0
890;178.0;9028654000.0
891;178.2;8952375000.0
892;178.4;8875197000.0
893;178.6;8798119000.0
894;178.8;8723043000.0
895;179.0;8647968000.0
896;179.2;8573994000.0
897;179.4;8501022000.0
898;179.6;8428150000.0
899;179.8;8356279000.0
900;180.0;8284509000.0
901;180.2;8214741000.0
902;180.4;8143973000.0
903;180.6;8075306000.0
904;180.8;8006641000.0
905;181.0;7939076000.0
906;181.2;7871512000.0
907;181.4;7804949000.0
908;181.6;7739487000.0
909;181.8;7673026000.0
910;182.0;7609666000.0
911;182.2;7545306000.0
912;182.4;7481948000.0
913;182.6;7418690000.0
914;182.8;7356433000.0
915;183.0;7295177000.0
916;183.2;7234022000.0
917;183.4;7172868000.0
918;183.6;7112714000.0
919;183.8;7053661000.0
920;184.0;6994609000.0
921;184.2;6936558000.0
922;184.4;6878607000.0
923;184.6;6821657000.0
924;184.8;6764708000.0
925;185.0;6707859000.0
926;185.2;6653011000.0
927;185.4;6597164000.0
928;185.6;6543418000.0
929;185.8;6488672000.0
930;186.0;6435927000.0
931;186.2;6382182000.0
932;186.4;6329539000.0
933;186.6;6277895000.0
934;186.8;6225353000.0
935;187.0;6174711000.0
936;187.2;6124169000.0
937;187.4;6074628000.0
938;187.6;6023188000.0
939;187.8;5973648000.0
940;188.0;5926209000.0
941;188.2;5877870000.0
942;188.4;5829432000.0
943;188.6;5781095000.0
944;188.8;5734758000.0
945;189.0;5687421000.0
946;189.2;5642185000.0
947;189.4;5595850000.0
948;189.6;5550615000.0
949;189.8;5505481000.0
950;190.0;5461247000.0
951;190.2;5417113000.0
952;190.4;5372980000.0
953;190.6;5329848000.0
954;190.8;5286715000.0
955;191.0;5243684000.0
956;191.2;5200553000.0
957;191.4;5159522000.0
958;191.6;5117591000.0
959;191.8;5076562000.0
960;192.0;5035632000.0
961;192.2;4995703000.0
962;192.4;4955774000.0
963;192.6;4915846000.0
964;192.8;4875918000.0
965;193.0;4837091000.0
966;193.2;4798263000.0
967;193.4;4760437000.0
968;193.6;4722610000.0
969;193.8;4684884000.0
970;194.0;4647059000.0
971;194.2;4610333000.0
972;194.4;4574608000.0
973;194.6;4537884000.0
974;194.8;4502260000.0
975;195.0;4465536000.0
976;195.2;4430912000.0
977;195.4;4396289000.0
978;195.6;4360666000.0
979;195.8;4326043000.0
980;196.0;4292521000.0
981;196.2;4257899000.0
982;196.4;4224377000.0
983;196.6;4191856000.0
984;196.8;4158335000.0
985;197.0;4125814000.0
986;197.2;4093294000.0
987;197.4;4060873000.0
988;197.6;4029453000.0
989;197.8;3997934000.0
990;198.0;3966514000.0
991;198.2;3936195000.0
992;198.4;3904776000.0
993;198.6;3874358000.0
994;198.8;3844039000.0
995;199.0;3814621000.0
996;199.2;3784303000.0
997;199.4;3754986000.0
998;199.6;3725668000.0
999;199.8;3696451000.0
